6 20933
22 75020
48 164843
115 444648
334 1574086
734 3736840
0 17
0 26
0 36
0 37
0 75
0 80
0 89
0 93
0 100
0 96
0 119
0 120
0 152
0 134
0 114
0 129
0 145
0 161
0 153
0 146
0 167
0 137
0 145
0 118
0 95
0 87
0 87
0 90
0 90
0 73
0 85
0 76
0 58
0 40
0 46
0 25
0 22
0 19
0 12
2 16490
5 49753
19 153171
39 224707
46 254245
15 76847
80 745999
252 2103342
479 4015100
103 1029894
102 1127266
265 3299277
196 2728661
229 3055087
1 16490
7 69816
11 99527
33 197534
23 159279
21 199336
34 224458
45 248723
32 295673
52 496877
64 506434
68 745978
47 446472
28 244487
45 249300
49 337043
50 348789
117 731768
88 1034436
59 393114
51 478770
59 562928
51 375128
49 383565
73 573112
59 500272
73 739501
106 941477
92 858888
65 646343
56 527244
71 572314
51 381690
46 395552
72 688235
56 542917
34 205333
41 256869
18 123552
28 238115
41 341063
20 170564
17 131432
7 54513
5 31908
1 4732
1 6054
0 1367
0 80
